0.000000 2.000000 1.000000 
0.001000 0.998000 0.000000 
0.002000 1.496006 0.500000 
0.003000 0.744016 -0.250000 
0.004000 1.367030 0.375000 
0.005000 0.677548 -0.312500 
0.006000 1.331820 0.343750 
0.007000 0.657971 -0.328125 
0.008000 1.320063 0.335938 
0.009000 0.650128 -0.332031 
0.010000 1.314181 0.333984 
0.011000 0.645230 -0.333008 
0.012000 1.309780 0.333496 
0.013000 0.641081 -0.333252 
0.014000 1.305760 0.333374 
0.015000 0.637131 -0.333313 
0.016000 1.301848 0.333344 
0.017000 0.633241 -0.333328 
0.018000 1.297974 0.333336 
0.019000 0.629379 -0.333332 
0.020000 1.294122 0.333334 
0.021000 0.625535 -0.333333 
0.022000 1.290286 0.333333 
0.023000 0.621707 -0.333333 
0.024000 1.286465 0.333333 
0.025000 0.617894 -0.333333 
0.026000 1.282660 0.333333 
0.027000 0.614097 -0.333333 
0.028000 1.278871 0.333333 
0.029000 0.610315 -0.333333 
0.030000 1.275096 0.333333 
0.031000 0.606548 -0.333333 
0.032000 1.271337 0.333333 
0.033000 0.602796 -0.333333 
0.034000 1.267592 0.333333 
0.035000 0.599059 -0.333333 
0.036000 1.263862 0.333333 
0.037000 0.595337 -0.333333 
0.038000 1.260148 0.333333 
0.039000 0.591629 -0.333333 
0.040000 1.256448 0.333333 
0.041000 0.587937 -0.333333 
0.042000 1.252763 0.333333 
0.043000 0.584259 -0.333333 
0.044000 1.249093 0.333333 
0.045000 0.580596 -0.333333 
0.046000 1.245437 0.333333 
0.047000 0.576948 -0.333333 
0.048000 1.241796 0.333333 
0.049000 0.573314 -0.333333 
0.050000 1.238169 0.333333 
0.051000 0.569695 -0.333333 
0.052000 1.234557 0.333333 
0.053000 0.566090 -0.333333 
0.054000 1.230959 0.333333 
0.055000 0.562499 -0.333333 
0.056000 1.227376 0.333333 
0.057000 0.558923 -0.333333 
0.058000 1.223807 0.333333 
0.059000 0.555361 -0.333333 
0.060000 1.220252 0.333333 
0.061000 0.551813 -0.333333 
0.062000 1.216712 0.333333 
0.063000 0.548280 -0.333333 
0.064000 1.213185 0.333333 
0.065000 0.544761 -0.333333 
0.066000 1.209673 0.333333 
0.067000 0.541255 -0.333333 
0.068000 1.206174 0.333333 
0.069000 0.537764 -0.333333 
0.070000 1.202690 0.333333 
0.071000 0.534286 -0.333333 
0.072000 1.199220 0.333333 
0.073000 0.530823 -0.333333 
0.074000 1.195763 0.333333 
0.075000 0.527373 -0.333333 
0.076000 1.192320 0.333333 
0.077000 0.523937 -0.333333 
0.078000 1.188891 0.333333 
0.079000 0.520515 -0.333333 
0.080000 1.185476 0.333333 
0.081000 0.517106 -0.333333 
0.082000 1.182074 0.333333 
0.083000 0.513711 -0.333333 
0.084000 1.178686 0.333333 
0.085000 0.510330 -0.333333 
0.086000 1.175311 0.333333 
0.087000 0.506962 -0.333333 
0.088000 1.171950 0.333333 
0.089000 0.503608 -0.333333 
0.090000 1.168602 0.333333 
0.091000 0.500267 -0.333333 
0.092000 1.165268 0.333333 
0.093000 0.496939 -0.333333 
0.094000 1.161947 0.333333 
0.095000 0.493624 -0.333333 
0.096000 1.158639 0.333333 
0.097000 0.490323 -0.333333 
0.098000 1.155344 0.333333 
0.099000 0.487035 -0.333333 
0.100000 1.152063 0.333333 
0.101000 0.483760 -0.333333 
0.102000 1.148794 0.333333 
0.103000 0.480498 -0.333333 
0.104000 1.145539 0.333333 
0.105000 0.477250 -0.333333 
0.106000 1.142297 0.333333 
0.107000 0.474014 -0.333333 
0.108000 1.139067 0.333333 
0.109000 0.470791 -0.333333 
0.110000 1.135851 0.333333 
0.111000 0.467581 -0.333333 
0.112000 1.132647 0.333333 
0.113000 0.464383 -0.333333 
0.114000 1.129456 0.333333 
0.115000 0.461199 -0.333333 
0.116000 1.126278 0.333333 
0.117000 0.458027 -0.333333 
0.118000 1.123113 0.333333 
0.119000 0.454868 -0.333333 
0.120000 1.119960 0.333333 
0.121000 0.451722 -0.333333 
0.122000 1.116820 0.333333 
0.123000 0.448588 -0.333333 
0.124000 1.113692 0.333333 
0.125000 0.445466 -0.333333 
0.126000 1.110577 0.333333 
0.127000 0.442357 -0.333333 
0.128000 1.107474 0.333333 
0.129000 0.439261 -0.333333 
0.130000 1.104384 0.333333 
0.131000 0.436176 -0.333333 
0.132000 1.101306 0.333333 
0.133000 0.433105 -0.333333 
0.134000 1.098240 0.333333 
0.135000 0.430045 -0.333333 
0.136000 1.095186 0.333333 
0.137000 0.426998 -0.333333 
0.138000 1.092145 0.333333 
0.139000 0.423962 -0.333333 
0.140000 1.089116 0.333333 
0.141000 0.420939 -0.333333 
0.142000 1.086099 0.333333 
0.143000 0.417928 -0.333333 
0.144000 1.083094 0.333333 
0.145000 0.414929 -0.333333 
0.146000 1.080101 0.333333 
0.147000 0.411942 -0.333333 
0.148000 1.077120 0.333333 
0.149000 0.408967 -0.333333 
0.150000 1.074150 0.333333 
0.151000 0.406004 -0.333333 
0.152000 1.071193 0.333333 
0.153000 0.403052 -0.333333 
0.154000 1.068248 0.333333 
0.155000 0.400113 -0.333333 
0.156000 1.065314 0.333333 
0.157000 0.397185 -0.333333 
0.158000 1.062392 0.333333 
0.159000 0.394268 -0.333333 
0.160000 1.059481 0.333333 
0.161000 0.391364 -0.333333 
0.162000 1.056583 0.333333 
0.163000 0.388471 -0.333333 
0.164000 1.053695 0.333333 
0.165000 0.385589 -0.333333 
0.166000 1.050820 0.333333 
0.167000 0.382719 -0.333333 
0.168000 1.047955 0.333333 
0.169000 0.379861 -0.333333 
0.170000 1.045103 0.333333 
0.171000 0.377014 -0.333333 
0.172000 1.042261 0.333333 
0.173000 0.374178 -0.333333 
0.174000 1.039431 0.333333 
0.175000 0.371354 -0.333333 
0.176000 1.036612 0.333333 
0.177000 0.368541 -0.333333 
0.178000 1.033805 0.333333 
0.179000 0.365739 -0.333333 
0.180000 1.031009 0.333333 
0.181000 0.362948 -0.333333 
0.182000 1.028224 0.333333 
0.183000 0.360169 -0.333333 
0.184000 1.025450 0.333333 
0.185000 0.357400 -0.333333 
0.186000 1.022687 0.333333 
0.187000 0.354643 -0.333333 
0.188000 1.019935 0.333333 
0.189000 0.351896 -0.333333 
0.190000 1.017194 0.333333 
0.191000 0.349161 -0.333333 
0.192000 1.014464 0.333333 
0.193000 0.346436 -0.333333 
0.194000 1.011745 0.333333 
0.195000 0.343723 -0.333333 
0.196000 1.009037 0.333333 
0.197000 0.341020 -0.333333 
0.198000 1.006339 0.333333 
0.199000 0.338328 -0.333333 
0.200000 1.003652 0.333333 
0.201000 0.335647 -0.333333 
0.202000 1.000977 0.333333 
0.203000 0.332976 -0.333333 
0.204000 0.998311 0.333333 
0.205000 0.330316 -0.333333 
0.206000 0.995657 0.333333 
0.207000 0.327667 -0.333333 
0.208000 0.993013 0.333333 
0.209000 0.325028 -0.333333 
0.210000 0.990379 0.333333 
0.211000 0.322400 -0.333333 
0.212000 0.987756 0.333333 
0.213000 0.319782 -0.333333 
0.214000 0.985144 0.333333 
0.215000 0.317175 -0.333333 
0.216000 0.982542 0.333333 
0.217000 0.314578 -0.333333 
0.218000 0.979950 0.333333 
0.219000 0.311992 -0.333333 
0.220000 0.977369 0.333333 
0.221000 0.309415 -0.333333 
0.222000 0.974798 0.333333 
0.223000 0.306850 -0.333333 
0.224000 0.972237 0.333333 
0.225000 0.304294 -0.333333 
0.226000 0.969687 0.333333 
0.227000 0.301749 -0.333333 
0.228000 0.967146 0.333333 
0.229000 0.299213 -0.333333 
0.230000 0.964616 0.333333 
0.231000 0.296688 -0.333333 
0.232000 0.962096 0.333333 
0.233000 0.294173 -0.333333 
0.234000 0.959586 0.333333 
0.235000 0.291668 -0.333333 
0.236000 0.957086 0.333333 
0.237000 0.289173 -0.333333 
0.238000 0.954596 0.333333 
0.239000 0.286688 -0.333333 
0.240000 0.952116 0.333333 
0.241000 0.284213 -0.333333 
0.242000 0.949646 0.333333 
0.243000 0.281748 -0.333333 
0.244000 0.947185 0.333333 
0.245000 0.279292 -0.333333 
0.246000 0.944735 0.333333 
0.247000 0.276847 -0.333333 
0.248000 0.942294 0.333333 
0.249000 0.274411 -0.333333 
0.250000 0.939863 0.333333 
0.251000 0.271985 -0.333333 
0.252000 0.937442 0.333333 
0.253000 0.269568 -0.333333 
0.254000 0.935030 0.333333 
0.255000 0.267162 -0.333333 
0.256000 0.932628 0.333333 
0.257000 0.264764 -0.333333 
0.258000 0.930236 0.333333 
0.259000 0.262377 -0.333333 
0.260000 0.927853 0.333333 
0.261000 0.259999 -0.333333 
0.262000 0.925480 0.333333 
0.263000 0.257630 -0.333333 
0.264000 0.923116 0.333333 
0.265000 0.255271 -0.333333 
0.266000 0.920762 0.333333 
0.267000 0.252921 -0.333333 
0.268000 0.918417 0.333333 
0.269000 0.250581 -0.333333 
0.270000 0.916081 0.333333 
0.271000 0.248250 -0.333333 
0.272000 0.913755 0.333333 
0.273000 0.245928 -0.333333 
0.274000 0.911438 0.333333 
0.275000 0.243616 -0.333333 
0.276000 0.909130 0.333333 
0.277000 0.241313 -0.333333 
0.278000 0.906831 0.333333 
0.279000 0.239019 -0.333333 
0.280000 0.904542 0.333333 
0.281000 0.236734 -0.333333 
0.282000 0.902262 0.333333 
0.283000 0.234458 -0.333333 
0.284000 0.899990 0.333333 
0.285000 0.232192 -0.333333 
0.286000 0.897728 0.333333 
0.287000 0.229934 -0.333333 
0.288000 0.895475 0.333333 
0.289000 0.227685 -0.333333 
0.290000 0.893231 0.333333 
0.291000 0.225446 -0.333333 
0.292000 0.890996 0.333333 
0.293000 0.223215 -0.333333 
0.294000 0.888770 0.333333 
0.295000 0.220993 -0.333333 
0.296000 0.886553 0.333333 
0.297000 0.218781 -0.333333 
0.298000 0.884344 0.333333 
0.299000 0.216576 -0.333333 
0.300000 0.882144 0.333333 
0.301000 0.214381 -0.333333 
0.302000 0.879954 0.333333 
0.303000 0.212195 -0.333333 
0.304000 0.877771 0.333333 
0.305000 0.210017 -0.333333 
0.306000 0.875598 0.333333 
0.307000 0.207848 -0.333333 
0.308000 0.873433 0.333333 
0.309000 0.205688 -0.333333 
0.310000 0.871277 0.333333 
0.311000 0.203536 -0.333333 
0.312000 0.869130 0.333333 
0.313000 0.201393 -0.333333 
0.314000 0.866991 0.333333 
0.315000 0.199258 -0.333333 
0.316000 0.864861 0.333333 
0.317000 0.197132 -0.333333 
0.318000 0.862739 0.333333 
0.319000 0.195014 -0.333333 
0.320000 0.860625 0.333333 
0.321000 0.192905 -0.333333 
0.322000 0.858520 0.333333 
0.323000 0.190804 -0.333333 
0.324000 0.856424 0.333333 
0.325000 0.188712 -0.333333 
0.326000 0.854336 0.333333 
0.327000 0.186628 -0.333333 
0.328000 0.852256 0.333333 
0.329000 0.184552 -0.333333 
0.330000 0.850184 0.333333 
0.331000 0.182485 -0.333333 
0.332000 0.848121 0.333333 
0.333000 0.180426 -0.333333 
0.334000 0.846066 0.333333 
0.335000 0.178375 -0.333333 
0.336000 0.844019 0.333333 
0.337000 0.176332 -0.333333 
0.338000 0.841980 0.333333 
0.339000 0.174297 -0.333333 
0.340000 0.839950 0.333333 
0.341000 0.172271 -0.333333 
0.342000 0.837927 0.333333 
0.343000 0.170253 -0.333333 
0.344000 0.835913 0.333333 
0.345000 0.168242 -0.333333 
0.346000 0.833907 0.333333 
0.347000 0.166240 -0.333333 
0.348000 0.831909 0.333333 
0.349000 0.164246 -0.333333 
0.350000 0.829918 0.333333 
0.351000 0.162259 -0.333333 
0.352000 0.827936 0.333333 
0.353000 0.160281 -0.333333 
0.354000 0.825961 0.333333 
0.355000 0.158310 -0.333333 
0.356000 0.823995 0.333333 
0.357000 0.156348 -0.333333 
0.358000 0.822036 0.333333 
0.359000 0.154393 -0.333333 
0.360000 0.820085 0.333333 
0.361000 0.152446 -0.333333 
0.362000 0.818142 0.333333 
0.363000 0.150507 -0.333333 
0.364000 0.816207 0.333333 
0.365000 0.148575 -0.333333 
0.366000 0.814279 0.333333 
0.367000 0.146651 -0.333333 
0.368000 0.812359 0.333333 
0.369000 0.144735 -0.333333 
0.370000 0.810447 0.333333 
0.371000 0.142827 -0.333333 
0.372000 0.808542 0.333333 
0.373000 0.140926 -0.333333 
0.374000 0.806645 0.333333 
0.375000 0.139033 -0.333333 
0.376000 0.804756 0.333333 
0.377000 0.137147 -0.333333 
0.378000 0.802874 0.333333 
0.379000 0.135269 -0.333333 
0.380000 0.800999 0.333333 
0.381000 0.133398 -0.333333 
0.382000 0.799132 0.333333 
0.383000 0.131535 -0.333333 
0.384000 0.797273 0.333333 
0.385000 0.129679 -0.333333 
0.386000 0.795421 0.333333 
0.387000 0.127831 -0.333333 
0.388000 0.793576 0.333333 
0.389000 0.125990 -0.333333 
0.390000 0.791739 0.333333 
0.391000 0.124156 -0.333333 
0.392000 0.789909 0.333333 
0.393000 0.122330 -0.333333 
0.394000 0.788086 0.333333 
0.395000 0.120511 -0.333333 
0.396000 0.786271 0.333333 
0.397000 0.118699 -0.333333 
0.398000 0.784463 0.333333 
0.399000 0.116895 -0.333333 
0.400000 0.782662 0.333333 
0.401000 0.115098 -0.333333 
0.402000 0.780868 0.333333 
0.403000 0.113307 -0.333333 
0.404000 0.779082 0.333333 
0.405000 0.111524 -0.333333 
0.406000 0.777302 0.333333 
0.407000 0.109749 -0.333333 
0.408000 0.775530 0.333333 
0.409000 0.107980 -0.333333 
0.410000 0.773765 0.333333 
0.411000 0.106218 -0.333333 
0.412000 0.772007 0.333333 
0.413000 0.104463 -0.333333 
0.414000 0.770255 0.333333 
0.415000 0.102716 -0.333333 
0.416000 0.768511 0.333333 
0.417000 0.100975 -0.333333 
0.418000 0.766774 0.333333 
0.419000 0.099241 -0.333333 
0.420000 0.765044 0.333333 
0.421000 0.097514 -0.333333 
0.422000 0.763320 0.333333 
0.423000 0.095794 -0.333333 
0.424000 0.761604 0.333333 
0.425000 0.094081 -0.333333 
0.426000 0.759894 0.333333 
0.427000 0.092375 -0.333333 
0.428000 0.758191 0.333333 
0.429000 0.090676 -0.333333 
0.430000 0.756495 0.333333 
0.431000 0.088983 -0.333333 
0.432000 0.754806 0.333333 
0.433000 0.087297 -0.333333 
0.434000 0.753123 0.333333 
0.435000 0.085618 -0.333333 
0.436000 0.751448 0.333333 
0.437000 0.083946 -0.333333 
0.438000 0.749778 0.333333 
0.439000 0.082280 -0.333333 
0.440000 0.748116 0.333333 
0.441000 0.080621 -0.333333 
0.442000 0.746460 0.333333 
0.443000 0.078968 -0.333333 
0.444000 0.744811 0.333333 
0.445000 0.077322 -0.333333 
0.446000 0.743168 0.333333 
0.447000 0.075683 -0.333333 
0.448000 0.741532 0.333333 
0.449000 0.074050 -0.333333 
0.450000 0.739903 0.333333 
0.451000 0.072424 -0.333333 
0.452000 0.738280 0.333333 
0.453000 0.070804 -0.333333 
0.454000 0.736663 0.333333 
0.455000 0.069191 -0.333333 
0.456000 0.735053 0.333333 
0.457000 0.067584 -0.333333 
0.458000 0.733449 0.333333 
0.459000 0.065983 -0.333333 
0.460000 0.731852 0.333333 
0.461000 0.064389 -0.333333 
0.462000 0.730261 0.333333 
0.463000 0.062802 -0.333333 
0.464000 0.728677 0.333333 
0.465000 0.061220 -0.333333 
0.466000 0.727099 0.333333 
0.467000 0.059645 -0.333333 
0.468000 0.725527 0.333333 
0.469000 0.058076 -0.333333 
0.470000 0.723961 0.333333 
0.471000 0.056514 -0.333333 
0.472000 0.722402 0.333333 
0.473000 0.054958 -0.333333 
0.474000 0.720848 0.333333 
0.475000 0.053408 -0.333333 
0.476000 0.719301 0.333333 
0.477000 0.051864 -0.333333 
0.478000 0.717761 0.333333 
0.479000 0.050326 -0.333333 
0.480000 0.716226 0.333333 
0.481000 0.048794 -0.333333 
0.482000 0.714698 0.333333 
0.483000 0.047269 -0.333333 
0.484000 0.713175 0.333333 
0.485000 0.045750 -0.333333 
0.486000 0.711659 0.333333 
0.487000 0.044236 -0.333333 
0.488000 0.710149 0.333333 
0.489000 0.042729 -0.333333 
0.490000 0.708644 0.333333 
0.491000 0.041228 -0.333333 
0.492000 0.707146 0.333333 
0.493000 0.039733 -0.333333 
0.494000 0.705654 0.333333 
0.495000 0.038243 -0.333333 
0.496000 0.704167 0.333333 
0.497000 0.036760 -0.333333 
0.498000 0.702687 0.333333 
0.499000 0.035282 -0.333333 
0.500000 0.701213 0.333333 
0.501000 0.033811 -0.333333 
0.502000 0.699744 0.333333 
0.503000 0.032345 -0.333333 
0.504000 0.698281 0.333333 
0.505000 0.030886 -0.333333 
0.506000 0.696824 0.333333 
0.507000 0.029432 -0.333333 
0.508000 0.695373 0.333333 
0.509000 0.027983 -0.333333 
0.510000 0.693928 0.333333 
0.511000 0.026541 -0.333333 
0.512000 0.692489 0.333333 
0.513000 0.025104 -0.333333 
0.514000 0.691055 0.333333 
0.515000 0.023674 -0.333333 
0.516000 0.689627 0.333333 
0.517000 0.022248 -0.333333 
0.518000 0.688205 0.333333 
0.519000 0.020829 -0.333333 
0.520000 0.686788 0.333333 
0.521000 0.019415 -0.333333 
0.522000 0.685377 0.333333 
0.523000 0.018007 -0.333333 
0.524000 0.683972 0.333333 
0.525000 0.016604 -0.333333 
0.526000 0.682572 0.333333 
0.527000 0.015207 -0.333333 
0.528000 0.681178 0.333333 
0.529000 0.013816 -0.333333 
0.530000 0.679789 0.333333 
0.531000 0.012430 -0.333333 
0.532000 0.678406 0.333333 
0.533000 0.011050 -0.333333 
0.534000 0.677028 0.333333 
0.535000 0.009675 -0.333333 
0.536000 0.675656 0.333333 
0.537000 0.008306 -0.333333 
0.538000 0.674290 0.333333 
0.539000 0.006942 -0.333333 
0.540000 0.672929 0.333333 
0.541000 0.005584 -0.333333 
0.542000 0.671573 0.333333 
0.543000 0.004231 -0.333333 
0.544000 0.670223 0.333333 
0.545000 0.002883 -0.333333 
0.546000 0.668878 0.333333 
0.547000 0.001541 -0.333333 
0.548000 0.667539 0.333333 
0.549000 0.000204 -0.333333 
0.550000 0.666204 0.333333 
0.551000 -0.001127 -0.333333 
0.552000 0.664876 0.333333 
0.553000 -0.002454 -0.333333 
0.554000 0.663552 0.333333 
0.555000 -0.003774 -0.333333 
0.556000 0.662234 0.333333 
0.557000 -0.005090 -0.333333 
0.558000 0.660921 0.333333 
0.559000 -0.006400 -0.333333 
0.560000 0.659613 0.333333 
0.561000 -0.007705 -0.333333 
0.562000 0.658311 0.333333 
0.563000 -0.009005 -0.333333 
0.564000 0.657013 0.333333 
0.565000 -0.010300 -0.333333 
0.566000 0.655721 0.333333 
0.567000 -0.011590 -0.333333 
0.568000 0.654434 0.333333 
0.569000 -0.012874 -0.333333 
0.570000 0.653152 0.333333 
0.571000 -0.014153 -0.333333 
0.572000 0.651876 0.333333 
0.573000 -0.015428 -0.333333 
0.574000 0.650604 0.333333 
0.575000 -0.016697 -0.333333 
0.576000 0.649337 0.333333 
0.577000 -0.017961 -0.333333 
0.578000 0.648076 0.333333 
0.579000 -0.019220 -0.333333 
0.580000 0.646819 0.333333 
0.581000 -0.020474 -0.333333 
0.582000 0.645568 0.333333 
0.583000 -0.021722 -0.333333 
0.584000 0.644322 0.333333 
0.585000 -0.022966 -0.333333 
0.586000 0.643080 0.333333 
0.587000 -0.024205 -0.333333 
0.588000 0.641844 0.333333 
0.589000 -0.025439 -0.333333 
0.590000 0.640612 0.333333 
0.591000 -0.026669 -0.333333 
0.592000 0.639385 0.333333 
0.593000 -0.027893 -0.333333 
0.594000 0.638164 0.333333 
0.595000 -0.029112 -0.333333 
0.596000 0.636947 0.333333 
0.597000 -0.030327 -0.333333 
0.598000 0.635735 0.333333 
0.599000 -0.031536 -0.333333 
0.600000 0.634528 0.333333 
0.601000 -0.032741 -0.333333 
0.602000 0.633325 0.333333 
0.603000 -0.033941 -0.333333 
0.604000 0.632128 0.333333 
0.605000 -0.035136 -0.333333 
0.606000 0.630935 0.333333 
0.607000 -0.036326 -0.333333 
0.608000 0.629747 0.333333 
0.609000 -0.037512 -0.333333 
0.610000 0.628564 0.333333 
0.611000 -0.038693 -0.333333 
0.612000 0.627385 0.333333 
0.613000 -0.039869 -0.333333 
0.614000 0.626211 0.333333 
0.615000 -0.041041 -0.333333 
0.616000 0.625042 0.333333 
0.617000 -0.042208 -0.333333 
0.618000 0.623877 0.333333 
0.619000 -0.043370 -0.333333 
0.620000 0.622718 0.333333 
0.621000 -0.044527 -0.333333 
0.622000 0.621562 0.333333 
0.623000 -0.045680 -0.333333 
0.624000 0.620412 0.333333 
0.625000 -0.046829 -0.333333 
0.626000 0.619266 0.333333 
0.627000 -0.047972 -0.333333 
0.628000 0.618124 0.333333 
0.629000 -0.049111 -0.333333 
0.630000 0.616987 0.333333 
0.631000 -0.050246 -0.333333 
0.632000 0.615855 0.333333 
0.633000 -0.051376 -0.333333 
0.634000 0.614727 0.333333 
0.635000 -0.052502 -0.333333 
0.636000 0.613604 0.333333 
0.637000 -0.053623 -0.333333 
0.638000 0.612485 0.333333 
0.639000 -0.054739 -0.333333 
0.640000 0.611371 0.333333 
0.641000 -0.055852 -0.333333 
0.642000 0.610261 0.333333 
0.643000 -0.056959 -0.333333 
0.644000 0.609155 0.333333 
0.645000 -0.058063 -0.333333 
0.646000 0.608054 0.333333 
0.647000 -0.059161 -0.333333 
0.648000 0.606957 0.333333 
0.649000 -0.060256 -0.333333 
0.650000 0.605865 0.333333 
0.651000 -0.061346 -0.333333 
0.652000 0.604777 0.333333 
0.653000 -0.062432 -0.333333 
0.654000 0.603694 0.333333 
0.655000 -0.063513 -0.333333 
0.656000 0.602614 0.333333 
0.657000 -0.064590 -0.333333 
0.658000 0.601539 0.333333 
0.659000 -0.065663 -0.333333 
0.660000 0.600469 0.333333 
0.661000 -0.066732 -0.333333 
0.662000 0.599402 0.333333 
0.663000 -0.067796 -0.333333 
0.664000 0.598340 0.333333 
0.665000 -0.068856 -0.333333 
0.666000 0.597282 0.333333 
0.667000 -0.069912 -0.333333 
0.668000 0.596229 0.333333 
0.669000 -0.070963 -0.333333 
0.670000 0.595179 0.333333 
0.671000 -0.072011 -0.333333 
0.672000 0.594134 0.333333 
0.673000 -0.073054 -0.333333 
0.674000 0.593093 0.333333 
0.675000 -0.074093 -0.333333 
0.676000 0.592056 0.333333 
0.677000 -0.075128 -0.333333 
0.678000 0.591023 0.333333 
0.679000 -0.076159 -0.333333 
0.680000 0.589994 0.333333 
0.681000 -0.077185 -0.333333 
0.682000 0.588970 0.333333 
0.683000 -0.078208 -0.333333 
0.684000 0.587949 0.333333 
0.685000 -0.079226 -0.333333 
0.686000 0.586933 0.333333 
0.687000 -0.080241 -0.333333 
0.688000 0.585920 0.333333 
0.689000 -0.081251 -0.333333 
0.690000 0.584912 0.333333 
0.691000 -0.082257 -0.333333 
0.692000 0.583908 0.333333 
0.693000 -0.083260 -0.333333 
0.694000 0.582907 0.333333 
0.695000 -0.084258 -0.333333 
0.696000 0.581911 0.333333 
0.697000 -0.085252 -0.333333 
0.698000 0.580919 0.333333 
0.699000 -0.086243 -0.333333 
0.700000 0.579930 0.333333 
0.701000 -0.087229 -0.333333 
0.702000 0.578946 0.333333 
0.703000 -0.088211 -0.333333 
0.704000 0.577965 0.333333 
0.705000 -0.089190 -0.333333 
0.706000 0.576989 0.333333 
0.707000 -0.090165 -0.333333 
0.708000 0.576016 0.333333 
0.709000 -0.091135 -0.333333 
0.710000 0.575047 0.333333 
0.711000 -0.092102 -0.333333 
0.712000 0.574083 0.333333 
0.713000 -0.093065 -0.333333 
0.714000 0.573121 0.333333 
0.715000 -0.094024 -0.333333 
0.716000 0.572164 0.333333 
0.717000 -0.094980 -0.333333 
0.718000 0.571211 0.333333 
0.719000 -0.095931 -0.333333 
0.720000 0.570261 0.333333 
0.721000 -0.096879 -0.333333 
0.722000 0.569315 0.333333 
0.723000 -0.097823 -0.333333 
0.724000 0.568373 0.333333 
0.725000 -0.098763 -0.333333 
0.726000 0.567435 0.333333 
0.727000 -0.099699 -0.333333 
0.728000 0.566501 0.333333 
0.729000 -0.100632 -0.333333 
0.730000 0.565570 0.333333 
0.731000 -0.101561 -0.333333 
0.732000 0.564643 0.333333 
0.733000 -0.102486 -0.333333 
0.734000 0.563719 0.333333 
0.735000 -0.103408 -0.333333 
0.736000 0.562800 0.333333 
0.737000 -0.104326 -0.333333 
0.738000 0.561884 0.333333 
0.739000 -0.105240 -0.333333 
0.740000 0.560971 0.333333 
0.741000 -0.106150 -0.333333 
0.742000 0.560062 0.333333 
0.743000 -0.107057 -0.333333 
0.744000 0.559157 0.333333 
0.745000 -0.107961 -0.333333 
0.746000 0.558256 0.333333 
0.747000 -0.108860 -0.333333 
0.748000 0.557358 0.333333 
0.749000 -0.109756 -0.333333 
0.750000 0.556464 0.333333 
0.751000 -0.110649 -0.333333 
0.752000 0.555573 0.333333 
0.753000 -0.111538 -0.333333 
0.754000 0.554686 0.333333 
0.755000 -0.112423 -0.333333 
0.756000 0.553802 0.333333 
0.757000 -0.113305 -0.333333 
0.758000 0.552922 0.333333 
0.759000 -0.114183 -0.333333 
0.760000 0.552045 0.333333 
0.761000 -0.115058 -0.333333 
0.762000 0.551172 0.333333 
0.763000 -0.115930 -0.333333 
0.764000 0.550303 0.333333 
0.765000 -0.116798 -0.333333 
0.766000 0.549436 0.333333 
0.767000 -0.117662 -0.333333 
0.768000 0.548574 0.333333 
0.769000 -0.118523 -0.333333 
0.770000 0.547715 0.333333 
0.771000 -0.119380 -0.333333 
0.772000 0.546859 0.333333 
0.773000 -0.120235 -0.333333 
0.774000 0.546006 0.333333 
0.775000 -0.121085 -0.333333 
0.776000 0.545157 0.333333 
0.777000 -0.121933 -0.333333 
0.778000 0.544312 0.333333 
0.779000 -0.122776 -0.333333 
0.780000 0.543470 0.333333 
0.781000 -0.123617 -0.333333 
0.782000 0.542631 0.333333 
0.783000 -0.124454 -0.333333 
0.784000 0.541795 0.333333 
0.785000 -0.125288 -0.333333 
0.786000 0.540963 0.333333 
0.787000 -0.126119 -0.333333 
0.788000 0.540134 0.333333 
0.789000 -0.126946 -0.333333 
0.790000 0.539309 0.333333 
0.791000 -0.127770 -0.333333 
0.792000 0.538486 0.333333 
0.793000 -0.128590 -0.333333 
0.794000 0.537667 0.333333 
0.795000 -0.129408 -0.333333 
0.796000 0.536852 0.333333 
0.797000 -0.130222 -0.333333 
0.798000 0.536039 0.333333 
0.799000 -0.131032 -0.333333 
0.800000 0.535230 0.333333 
0.801000 -0.131840 -0.333333 
0.802000 0.534424 0.333333 
0.803000 -0.132644 -0.333333 
0.804000 0.533621 0.333333 
0.805000 -0.133446 -0.333333 
0.806000 0.532822 0.333333 
0.807000 -0.134244 -0.333333 
0.808000 0.532025 0.333333 
0.809000 -0.135038 -0.333333 
0.810000 0.531232 0.333333 
0.811000 -0.135830 -0.333333 
0.812000 0.530442 0.333333 
0.813000 -0.136618 -0.333333 
0.814000 0.529655 0.333333 
0.815000 -0.137404 -0.333333 
0.816000 0.528872 0.333333 
0.817000 -0.138186 -0.333333 
0.818000 0.528091 0.333333 
0.819000 -0.138965 -0.333333 
0.820000 0.527314 0.333333 
0.821000 -0.139741 -0.333333 
0.822000 0.526539 0.333333 
0.823000 -0.140514 -0.333333 
0.824000 0.525768 0.333333 
0.825000 -0.141283 -0.333333 
0.826000 0.525000 0.333333 
0.827000 -0.142050 -0.333333 
0.828000 0.524235 0.333333 
0.829000 -0.142814 -0.333333 
0.830000 0.523472 0.333333 
0.831000 -0.143574 -0.333333 
0.832000 0.522713 0.333333 
0.833000 -0.144332 -0.333333 
0.834000 0.521957 0.333333 
0.835000 -0.145086 -0.333333 
0.836000 0.521204 0.333333 
0.837000 -0.145838 -0.333333 
0.838000 0.520454 0.333333 
0.839000 -0.146586 -0.333333 
0.840000 0.519707 0.333333 
0.841000 -0.147332 -0.333333 
0.842000 0.518963 0.333333 
0.843000 -0.148074 -0.333333 
0.844000 0.518222 0.333333 
0.845000 -0.148814 -0.333333 
0.846000 0.517484 0.333333 
0.847000 -0.149550 -0.333333 
0.848000 0.516749 0.333333 
0.849000 -0.150284 -0.333333 
0.850000 0.516017 0.333333 
0.851000 -0.151015 -0.333333 
0.852000 0.515288 0.333333 
0.853000 -0.151742 -0.333333 
0.854000 0.514561 0.333333 
0.855000 -0.152467 -0.333333 
0.856000 0.513838 0.333333 
0.857000 -0.153189 -0.333333 
0.858000 0.513117 0.333333 
0.859000 -0.153909 -0.333333 
0.860000 0.512400 0.333333 
0.861000 -0.154625 -0.333333 
0.862000 0.511685 0.333333 
0.863000 -0.155338 -0.333333 
0.864000 0.510973 0.333333 
0.865000 -0.156049 -0.333333 
0.866000 0.510264 0.333333 
0.867000 -0.156756 -0.333333 
0.868000 0.509557 0.333333 
0.869000 -0.157461 -0.333333 
0.870000 0.508854 0.333333 
0.871000 -0.158163 -0.333333 
0.872000 0.508153 0.333333 
0.873000 -0.158863 -0.333333 
0.874000 0.507455 0.333333 
0.875000 -0.159559 -0.333333 
0.876000 0.506760 0.333333 
0.877000 -0.160253 -0.333333 
0.878000 0.506068 0.333333 
0.879000 -0.160944 -0.333333 
0.880000 0.505378 0.333333 
0.881000 -0.161632 -0.333333 
0.882000 0.504692 0.333333 
0.883000 -0.162317 -0.333333 
0.884000 0.504007 0.333333 
0.885000 -0.163000 -0.333333 
0.886000 0.503326 0.333333 
0.887000 -0.163680 -0.333333 
0.888000 0.502648 0.333333 
0.889000 -0.164357 -0.333333 
0.890000 0.501972 0.333333 
0.891000 -0.165032 -0.333333 
0.892000 0.501298 0.333333 
0.893000 -0.165704 -0.333333 
0.894000 0.500628 0.333333 
0.895000 -0.166373 -0.333333 
0.896000 0.499960 0.333333 
0.897000 -0.167040 -0.333333 
0.898000 0.499295 0.333333 
0.899000 -0.167703 -0.333333 
0.900000 0.498632 0.333333 
0.901000 -0.168365 -0.333333 
0.902000 0.497973 0.333333 
0.903000 -0.169023 -0.333333 
0.904000 0.497315 0.333333 
0.905000 -0.169679 -0.333333 
0.906000 0.496661 0.333333 
0.907000 -0.170332 -0.333333 
0.908000 0.496009 0.333333 
0.909000 -0.170983 -0.333333 
0.910000 0.495359 0.333333 
0.911000 -0.171631 -0.333333 
0.912000 0.494712 0.333333 
0.913000 -0.172277 -0.333333 
0.914000 0.494068 0.333333 
0.915000 -0.172920 -0.333333 
0.916000 0.493427 0.333333 
0.917000 -0.173560 -0.333333 
0.918000 0.492787 0.333333 
0.919000 -0.174198 -0.333333 
0.920000 0.492151 0.333333 
0.921000 -0.174833 -0.333333 
0.922000 0.491517 0.333333 
0.923000 -0.175466 -0.333333 
0.924000 0.490885 0.333333 
0.925000 -0.176096 -0.333333 
0.926000 0.490257 0.333333 
0.927000 -0.176724 -0.333333 
0.928000 0.489630 0.333333 
0.929000 -0.177349 -0.333333 
0.930000 0.489006 0.333333 
0.931000 -0.177972 -0.333333 
0.932000 0.488385 0.333333 
0.933000 -0.178592 -0.333333 
0.934000 0.487766 0.333333 
0.935000 -0.179209 -0.333333 
0.936000 0.487149 0.333333 
0.937000 -0.179825 -0.333333 
0.938000 0.486535 0.333333 
0.939000 -0.180438 -0.333333 
0.940000 0.485924 0.333333 
0.941000 -0.181048 -0.333333 
0.942000 0.485314 0.333333 
0.943000 -0.181656 -0.333333 
0.944000 0.484708 0.333333 
0.945000 -0.182261 -0.333333 
0.946000 0.484103 0.333333 
0.947000 -0.182864 -0.333333 
0.948000 0.483502 0.333333 
0.949000 -0.183465 -0.333333 
0.950000 0.482902 0.333333 
0.951000 -0.184063 -0.333333 
0.952000 0.482305 0.333333 
0.953000 -0.184659 -0.333333 
0.954000 0.481710 0.333333 
0.955000 -0.185253 -0.333333 
0.956000 0.481118 0.333333 
0.957000 -0.185844 -0.333333 
0.958000 0.480528 0.333333 
0.959000 -0.186433 -0.333333 
0.960000 0.479940 0.333333 
0.961000 -0.187019 -0.333333 
0.962000 0.479355 0.333333 
0.963000 -0.187603 -0.333333 
0.964000 0.478772 0.333333 
0.965000 -0.188185 -0.333333 
0.966000 0.478192 0.333333 
0.967000 -0.188764 -0.333333 
0.968000 0.477613 0.333333 
0.969000 -0.189342 -0.333333 
0.970000 0.477037 0.333333 
0.971000 -0.189916 -0.333333 
0.972000 0.476464 0.333333 
0.973000 -0.190489 -0.333333 
0.974000 0.475892 0.333333 
0.975000 -0.191059 -0.333333 
0.976000 0.475323 0.333333 
0.977000 -0.191627 -0.333333 
0.978000 0.474756 0.333333 
0.979000 -0.192193 -0.333333 
0.980000 0.474192 0.333333 
0.981000 -0.192756 -0.333333 
0.982000 0.473630 0.333333 
0.983000 -0.193317 -0.333333 
0.984000 0.473070 0.333333 
0.985000 -0.193876 -0.333333 
0.986000 0.472512 0.333333 
0.987000 -0.194433 -0.333333 
0.988000 0.471956 0.333333 
0.989000 -0.194988 -0.333333 
0.990000 0.471403 0.333333 
0.991000 -0.195540 -0.333333 
0.992000 0.470852 0.333333 
0.993000 -0.196090 -0.333333 
0.994000 0.470303 0.333333 
0.995000 -0.196638 -0.333333 
0.996000 0.469756 0.333333 
0.997000 -0.197183 -0.333333 
0.998000 0.469211 0.333333 
0.999000 -0.197727 -0.333333 
1.000000 0.468669 0.333333 
